T-statistic: -13.96920308619139
P-value: 4.2164272318165546e-11
